     0  4.823160000e+09    45
     1  4.825520000e+09    45
     2  4.826980000e+09    45
     3  4.827900000e+09    45
     4  4.829380000e+09    45
     5  4.832080000e+09    45
     6  4.834440918e+09    44
     7  4.835356445e+09    28
     8  4.838019104e+09    40
     9  4.839216919e+09    37
    10  4.840719910e+09    42
    11  4.843100281e+09    41
    12  4.844763489e+09    40
    13  4.846480103e+09    39
    14  4.846991272e+09    40
    15  4.847601624e+09    39
    16  4.848616333e+09    38
    17  4.849096985e+09    38
    18  4.850020142e+09    40
    19  4.852537842e+09    40
    20  4.856001587e+09    44
    21  4.857680054e+09    44
    22  4.859617920e+09    43
    23  4.860441895e+09    32
    24  4.863478394e+09    42
    25  4.864860000e+09    45
    26  4.866220000e+09    45
    27  4.868140000e+09    45
    28  4.869800000e+09    45
    29  4.870700000e+09    45
    30  4.872180000e+09    45
    31  4.873600000e+09    45
    32  4.880520000e+09    45
    33  4.882060000e+09    45
    34  4.884080000e+09    45
    35  4.885298462e+09    42
    36  4.887739868e+09    43
    37  4.889822693e+09    42
    38  4.891440125e+09    37
    39  4.893110962e+09    33
    40  4.894896240e+09    38
    41  4.897101135e+09    40
    42  4.898977966e+09    43
    43  4.900840000e+09    45
    44  4.901960000e+09    45
    45  4.904080000e+09    45
    46  4.905363770e+09    43
    47  4.906180115e+09    44
    48  4.906859131e+09    35
    49  4.907263489e+09    42
    50  4.909743042e+09    44
    51  4.910963745e+09    39
    52  4.914076538e+09    41
    53  4.915663452e+09    41
    54  4.917799683e+09    41
    55  4.919981689e+09    39
    56  4.922102661e+09    43
    57  4.923956604e+09    40
    58  4.925482483e+09    40
    59  4.926359863e+09    41
    60  4.928580017e+09    42
    61  4.929800720e+09    39
    62  4.932516785e+09    40
